2.2974e+05,0
451,0.33333
27,1
1094,1.3333
69,2.3333
2801,3
111,4
58,4.3333
1715,5.3333
118,6.3333
64,7
30,8.3333
20,9
3,9.3333
1,10.333
23,12
70,12.333
2,13
92,16.333
7,17.333
3,19
1,20.333
5,21
67,21.333
3,22.333
2,24.333
11,26.333
87,27
16,28
17,30.333
7,31
9,32.333
148,33.333
19,34.333
2,36.333
13,37
23,37.333
7,39
208,40.333
5,41.333
2,42.333
173,44.333
136,46.333
129,48
64,49
2,50.333
1,52
22,52.333
2,54.333
856,56.333
4,57
3,57.333
10,60.333
16,61
2,63
1,64
70,65.333
84,66.333
8,67
4,69.333
1,70.333
149,72.333
4,73
3,74.333
48,75
2,76.333
119,79
4,80.333
3,81
2,82.333
85,85.333
10,86.333
2,90.333
3,91
6,93
1,94.333
73,96.333
1,97.333
1,100
3,100.33
5,101.33
7,102.33
1,103
3,104.33
12,108
1,109
1,111
1,112.33
1,116.33
46,120.33
3,121.33
2,122.33
2,127
1,129
1,132.33
8,133
58,133.33
1,137.33
2,139
3,140.33
2,142.33
2,144.33
1,145.33
11,147
4,151
1,152.33
12,161.33
1,162.33
1,165.33
1,169
1,169.33
1,170.33
2,172
1,175
7,176.33
1,177.33
1,183
1,189
1,190.33
6,192
1,192.33
1,199
1,201
1,201.33
1,202.33
1,208
4,208.33
5,211
4,217.33
8,225.33
3,226.33
4,230.33
2,234.33
5,240.33
3,241
15,243
1,244
7,244.33
2,250.33
2,252.33
1,254.33
8,261.33
1,264.33
3,273
7,276.33
1,277.33
5,280.33
1,281.33
1,284.33
3,289.33
1,290.33
1,296.33
1,297.33
24,300
1,310.33
1,316.33
86,320.33
2,333
2,340.33
3,341.33
1,342.33
2,344.33
1,351
1,352.33
1,356.33
10,361
1,362.33
5,363
1,364
1,364.33
1,367
1,374.33
2,377.33
1,384.33
3,385.33
4,386.33
2,388
1,394.33
2,399
5,401.33
2,404.33
2,405.33
5,408.33
2,409
1,416.33
1,417.33
1,422.33
3,424.33
12,432
1,433.33
1,436
1,444.33
1,449.33
1,450.33
1,453
10,456.33
1,457
1,457.33
2,460.33
1,468
2,469
1,471
1,472.33
1,475
12,481.33
1,484.33
1,485.33
2,496
19,507
2,511
1,517.33
3,523
1,530.33
3,533.33
1,537.33
2,543
1,545.33
32,550.33
1,558.33
4,560.33
6,569.33
1,574.33
1,580.33
1,582.33
197,588
1,589
2,592
2,594.33
12,597
1,597.33
3,603
1,604.33
2,609.33
1,613
2,616.33
6,620.33
5,624
1,624.33
1,631
13,632.33
4,637
1,643
2,645.33
3,649.33
1,652
1,658.33
1,661
4,675
1,676.33
7,679
4,681.33
1,688
2,696.33
1,702.33
1,703
15,705.33
1,712.33
1,720.33
2,721
1,726.33
1,732.33
2,736.33
1,737.33
2,739
1,740.33
1,741.33
1,745.33
1,754.33
1,756.33
1,763
2,768
2,769
1,772
5,777
1,782.33
2,784.33
1,786.33
1,792.33
2,793
21,800.33
2,804
4,811
1,814.33
1,822.33
1,826.33
5,833.33
1,836.33
1,849
1,849.33
1,850.33
1,852.33
4,867
3,869.33
1,870.33
1,882.33
2,883
1,886.33
1,892
8,901.33
1,906.33
1,910.33
1,914.33
1,917.33
1,921
1,921.33
1,926.33
2,931
1,933.33
2,934.33
4,936.33
1,937.33
1,940.33
1,960.33
1,961
1,969.33
2,972
1,984.33
1,990.33
1,992.33
1,996.33
5,1008.3
1,1027
1,1040.3
61,1045.3
2,1046.3
1,1053
1,1063
1,1066.3
1,1070.3
1,1075
1,1080.3
1,1081.3
3,1083
1,1097.3
1,1100.3
1,1102.3
1,1104.3
1,1105.3
2,1121.3
1,1129
2,1137.3
1,1143
1,1144.3
1,1147
1,1156.3
1,1157.3
1,1160.3
2,1174.3
1,1183
2,1194.3
2,1196.3
1,1200
1,1230.3
3,1240.3
1,1242.3
1,1262.3
1,1265.3
1,1267
3,1276.3
4,1281.3
1,1297.3
1,1304.3
1,1312.3
2,1317.3
5,1323
2,1324
1,1327
1,1361.3
13,1365.3
2,1387
2,1408.3
1,1416.3
1,1417
1,1443
2,1444
4,1452
1,1461
1,1483
1,1486.3
5,1496.3
1,1505.3
1,1525
1,1532.3
2,1552
1,1554.3
3,1587
1,1591
1,1597
1,1604.3
1,1606.3
1,1612
2,1621.3
1,1622.3
1,1627
2,1633.3
2,1640.3
1,1642.3
1,1654.3
1,1668
1,1669.3
1,1706.3
1,1714.3
3,1728
3,1734.3
1,1744
1,1756
1,1803
1,1820.3
1,1825.3
1,1850.3
1,1861.3
6,1875
1,1884
2,1900.3
1,1902.3
2,1906.3
1,1911
1,1912.3
1,1920.3
3,1925.3
1,1930.3
1,1937.3
1,1939
1,1971
1,1974.3
2,1976.3
6,1996
1,2006.3
1,2028
4,2032.3
1,2037
1,2044
2,2056.3
1,2076.3
1,2080.3
1,2089.3
2,2096.3
1,2112.3
1,2116
1,2122.3
1,2133.3
1,2160.3
1,2161.3
7,2186.3
1,2187
1,2201.3
2,2214.3
1,2236.3
3,2241.3
5,2244.3
1,2277.3
1,2280.3
2,2281
1,2297.3
1,2304.3
2,2325
1,2344.3
1,2352
1,2354.3
1,2380.3
1,2382.3
2,2389.3
8,2408.3
1,2417.3
1,2444.3
1,2457
1,2457.3
2,2465.3
1,2467
1,2469.3
2,2501.3
2,2520.3
2,2523
1,2524
1,2552.3
1,2569
1,2572.3
462,2581.3
1,2582.3
1,2596.3
1,2608.3
2,2611
1,2613
1,2624.3
1,2634.3
1,2640.3
1,2656.3
1,2666.3
2,2682.3
1,2689.3
1,2700
1,2704
1,2720.3
1,2721
1,2721.3
1,2732.3
2,2736
1,2776.3
1,2781
1,2791
1,2821
6,2821.3
2,2837.3
1,2860.3
3,2883
1,2884
1,2887
2,2892
1,2926.3
1,2934.3
5,2944.3
1,2947
1,2961.3
1,2962.3
1,2972.3
1,2977
1,2981.3
1,3000.3
1,3004
1,3007
2,3025.3
1,3026.3
2,3028
1,3037
1,3042.3
1,3057.3
1,3060.3
1,3072
1,3082.3
1,3084.3
1,3094.3
1,3106.3
1,3110.3
4,3117
1,3121.3
1,3124.3
2,3134.3
4,3136.3
2,3172
1,3181
1,3182.3
2,3192.3
8,3201.3
1,3210.3
1,3211
1,3217.3
3,3229
1,3256.3
1,3267
1,3271
1,3280.3
1,3294.3
2,3302.3
5,3306.3
1,3310.3
1,3312.3
1,3322.3
1,3332.3
1,3337.3
1,3380.3
11,3400.3
2,3409
1,3412
1,3426.3
1,3439
2,3449.3
1,3463
5,3468
1,3502.3
1,3504.3
1,3523
8,3536.3
1,3540.3
1,3577
7,3601
1,3605.3
1,3606.3
1,3630.3
5,3641.3
7,3670.3
1,3674.3
4,3675
1,3700
2,3711
1,3712.3
1,3716.3
1,3730.3
1,3740.3
1,3745.3
1,3752.3
3,3761.3
1,3766.3
1,3770.3
1,3781
1,3786.3
1,3793
16,3811
1,3814.3
1,3816.3
1,3832.3
1,3837
2,3852.3
2,3865.3
1,3880.3
2,3882.3
1,3888
1,3891
1,3900.3
1,3912.3
1,3926.3
4,3950.3
1,3952
1,3954.3
5,3960.3
1,3962.3
2,3997
1,3999
1,4005.3
1,4016.3
3,4017
34,4033.3
3,4034.3
1,4036
1,4046.3
1,4069.3
1,4070.3
1,4092.3
5,4107
1,4111
2,4123
7,4146.3
1,4161
14,4181.3
1,4182.3
1,4212
8,4219
1,4221
1,4226.3
1,4228
1,4245.3
1,4252.3
31,4256.3
2,4269
3,4300.3
3,4324.3
1,4325.3
1,4332
1,4336.3
10,4400.3
6,4408.3
1,4412.3
1,4453
1,4476.3
2,4477
1,4485.3
1,4489.3
1,4501.3
1,4512.3
1,4521.3
1,4576.3
1,4579
1,4580.3
1,4612
5,4641.3
1,4644
4,4711
1,4712.3
1,4720.3
1,4744.3
1,4756.3
1,4757.3
3,4760.3
1,4769.3
1,4789
3,4800
1,4801
3,4819
2,4836
8,4880.3
1,4891
1,4901.3
1,4930.3
1,4957
4,4961.3
2,4965.3
2,5025.3
1,5043
2,5053
1,5092
1,5108.3
3,5125.3
1,5143
1,5149
1,5158.3
1,5161
2,5167
2,5208.3
1,5217.3
1,5240.3
1,5266.3
1,5275
2,5292
1,5296
5,5376.3
1,5390.3
2,5410.3
1,5412.3
1,5440.3
1,5464.3
1,5476.3
1,5504.3
1,5525.3
3,5547
2,5571
2,5576.3
1,5590.3
1,5611
1,5620.3
2,5633.3
1,5649.3
1,5658.3
1,5684.3
1,5686.3
1,5707
1,5720.3
1,5737.3
1,5776.3
4,5808
1,5833
1,5844
1,5850.3
1,5881
1,5889
1,5896.3
1,5945.3
1,5977
1,6001.3
1,6032.3
3,6075
2,6106.3
1,6120.3
1,6139
1,6158.3
1,6165.3
1,6199
2,6256.3
2,6327
4,6348
1,6372.3
1,6384
1,6392.3
3,6425.3
2,6440.3
1,6481.3
1,6484.3
1,6485.3
1,6490.3
1,6517
1,6533.3
1,6544
1,6550.3
1,6561.3
1,6564
1,6597
2,6654.3
1,6664.3
1,6665.3
3,6677.3
1,6700
1,6704.3
1,6708
1,6721.3
1,6722.3
1,6746.3
1,6763
4,6769.3
1,6775
1,6808.3
1,6811
4,6816.3
1,6826.3
4,6841.3
1,6859
1,6861
1,6879
3,6902.3
1,6907
3,6910.3
3,6913
1,6924
1,6945.3
1,6960.3
1,6974.3
4,7008.3
1,7040.3
1,7062.3
1,7068
1,7099
1,7109.3
3,7111
1,7121.3
1,7149
2,7177.3
1,7203
1,7206.3
1,7210.3
1,7212
1,7228
1,7267
1,7274.3
1,7282.3
2,7301.3
1,7321.3
1,7329
1,7351
1,7365.3
1,7372
6,7394.3
1,7401.3
1,7428
3,7429.3
1,7437
1,7441
1,7462.3
1,7483
3,7496.3
10,7500
1,7550.3
1,7560.3
1,7582.3
6,7600.3
1,7609.3
3,7636.3
1,7651
4,7701.3
2,7705.3
2,7737.3
5,7754.3
1,7803
3,7856.3
3,7884.3
3,7905.3
2,7910.3
1,7926.3
1,8008.3
1,8024.3
25,8090.3
1,8094.3
1,8112
5,8148
4,8194.3
1,8252.3
1,8300.3
2,8321.3
1,8337.3
1,8352.3
4,8357.3
1,8359
5,8366.3
1,8427
2,8436
1,8443
1,8480.3
1,8509
4,8510.3
2,8533.3
1,8564.3
1,8614.3
1,8617
8,8640.3
1,8641.3
1,8647
1,8662.3
6,8694.3
1,8743
19,8748
2,8802.3
1,8809.3
2,8856.3
1,8860.3
1,8872.3
4,8965.3
1,9000.3
1,9010.3
1,9041.3
1,9100
2,9172.3
3,9185.3
1,9306.3
1,9403
1,9408
3,9410.3
1,9424
1,9459
2,9465.3
1,9484
3,9494.3
1,9516.3
1,9520.3
1,9556
1,9558.3
8,9633.3
1,9637.3
1,9694.3
1,9697.3
1,9704.3
1,9716.3
1,9739
1,9746.3
1,9772.3
1,9804.3
2,9861.3
1,9916
1,9989.3
1,9994.3
1,10044
1,10092
1,10145
1,10162
1,10180
1,10196
3,10208
12,10276
1,10325
1,10361
1,10362
2,10390
1,10408
3,10417
1,10479
1,10561
1,10569
1,10680
1,10716
1,10732
1,10736
1,10740
1,10801
2,10817
1,10860
2,10936
1,11042
2,11057
1,11066
1,11132
1,11137
1,11163
1,11191
1,11284
1,11377
2,11412
1,11422
1,11449
1,11489
3,11532
2,11568
1,11594
1,11654
6,11665
1,11692
1,11704
1,11790
1,11797
4,11817
1,11844
1,11874
1,11899
3,11907
2,11943
1,11973
5,12033
2,12049
1,12069
1,12127
1,12181
1,12181
2,12196
3,12288
1,12301
6,12416
1,12432
1,12444
2,12481
1,12510
24,12545
3,12675
1,12782
2,12805
1,12871
3,12936
1,12972
1,13025
1,13084
1,13104
1,13190
1,13200
1,13225
1,13236
1,13321
1,13323
2,13333
1,13377
1,13430
1,13492
1,13529
1,13531
1,13532
1,13552
3,13601
1,13637
1,13752
4,13806
3,13872
1,14008
1,14033
2,14079
2,14145
1,14170
3,14283
1,14341
1,14354
2,14421
1,14493
2,14560
1,14572
2,14629
1,14632
1,14800
2,14812
1,14840
2,14900
2,14981
3,15123
1,15142
1,15252
1,15253
1,15265
1,15276
1,15313
1,15337
1,15452
1,15490
4,15552
1,15625
2,15696
1,15877
2,15987
2,16280
3,16447
1,16697
1,16846
1,16875
1,17008
1,17044
1,17061
2,17105
1,17176
1,17254
2,17328
1,17480
1,17514
1,17516
4,17633
1,17787
1,17823
2,17941
1,18229
1,18252
1,18308
1,18356
1,18408
1,18430
1,18444
1,18489
1,18565
1,18571
2,18723
1,18724
1,18781
1,18844
1,18977
1,19056
3,19081
2,19200
1,19360
1,19399
1,19513
2,19521
2,19683
1,19692
1,19825
2,19845
1,19921
3,19929
1,20083
1,20172
2,20310
17,20336
1,20388
1,20475
1,20501
1,20584
5,20640
1,20659
1,20667
1,20806
7,20833
1,20869
1,20892
2,20973
4,20990
1,21000
1,21016
1,21121
1,21140
1,21156
1,21168
1,21196
1,21336
1,21350
1,21423
1,21449
5,21505
1,21506
1,21646
4,21675
1,21845
1,21909
1,21945
8,22016
4,22188
2,22360
2,22533
1,22569
1,22620
1,22622
1,22702
1,22707
1,22807
1,22976
10,23056
1,23092
1,23164
1,23174
2,23232
1,23293
1,23396
1,23408
1,23750
2,23763
1,23767
1,23871
1,23900
1,24145
2,24300
1,24421
1,24444
3,24480
1,24569
1,24643
1,24665
2,24857
1,24921
2,25025
1,25042
1,25123
1,25300
1,25312
1,25349
1,25356
1,25392
1,25416
1,25542
3,25576
1,25699
1,25761
3,25762
1,25837
4,25947
1,26112
1,26116
1,26133
1,26229
1,26296
2,26320
1,26324
1,26377
1,26388
3,26407
1,26508
2,26569
1,26574
1,26793
10,26869
2,26885
1,26961
1,27001
1,27004
1,27062
1,27256
3,27265
1,27456
1,27480
1,27561
1,27601
3,27631
1,27733
1,27841
1,27884
1,27957
1,27992
1,28129
4,28227
1,28421
1,28564
4,28616
1,28675
1,28710
1,28756
2,28812
1,28867
1,29044
1,29072
1,29149
1,29150
1,29304
1,29316
1,29416
5,29431
1,29537
2,29800
1,29919
1,30000
1,30154
3,30200
1,30236
1,30320
1,30385
1,30401
1,30603
1,30641
2,30706
2,30821
1,30920
1,30956
4,31008
1,31026
1,31225
1,31322
1,31326
1,31437
1,31516
1,31621
1,31625
2,31827
3,32033
4,32069
2,32240
4,32302
1,32321
1,32436
1,32512
1,32562
1,32581
9,32608
1,32724
2,32825
2,32865
1,32869
1,32916
2,32977
1,33000
1,33075
1,33084
1,33152
2,33285
7,33452
3,33496
1,33604
1,33708
3,33896
3,33920
3,34054
1,34057
1,34133
1,34169
1,34282
2,34347
1,34447
1,34468
1,34526
2,34776
1,34937
1,34992
2,35208
1,35221
1,35226
1,35425
1,35643
1,35692
1,35743
1,35744
1,35832
1,35991
1,36080
1,36116
1,36189
2,36300
1,36313
1,36358
1,36422
2,36520
1,36656
1,36687
1,36712
3,36741
2,36790
1,36908
1,36963
1,37408
1,37632
2,37668
1,37856
1,38194
1,38214
1,38290
2,38307
1,38434
1,38536
1,38616
1,38623
1,38660
1,38760
1,38839
1,38988
1,39025
1,39062
1,39289
1,39459
1,39670
1,39675
1,39781
1,39820
1,39883
1,39945
1,39980
1,40077
1,40096
1,40136
3,40160
1,40282
1,40368
1,40382
1,40625
1,40663
1,40721
1,40758
1,41023
1,41067
1,41292
4,41301
1,41337
1,41409
1,41500
2,41536
1,41654
1,41710
3,41772
1,41792
1,41896
4,41946
1,42091
1,42110
1,42245
1,42256
2,42483
2,42721
1,42871
1,42914
3,42960
5,43200
1,43250
1,43376
2,43417
1,43420
5,43440
1,43456
4,43617
2,43681
2,43729
1,43762
2,43832
2,43923
1,43927
1,43969
1,44050
1,44165
1,44323
1,44371
1,44508
1,44652
1,44668
1,44688
1,44776
1,44896
1,44964
1,45094
2,45264
1,45436
1,45512
1,45658
1,45681
1,45880
1,46128
1,46153
2,46376
1,46417
1,46875
1,46891
1,47125
7,47150
1,47203
1,47367
1,47401
1,47440
2,47532
2,47628
1,47777
1,47809
1,47880
1,47892
1,48129
1,48133
1,48404
1,48412
1,48810
2,48896
1,48921
1,49024
4,49152
1,49401
1,49502
2,49665
1,49796
1,49942
1,50054
1,50174
1,50181
1,50275
1,50311
1,50440
1,50583
1,50842
1,50960
1,51090
1,51361
3,51425
1,51461
1,51505
1,51702
2,51987
2,52008
1,52057
1,52129
2,52468
1,52636
1,52910
1,53200
1,53212
1,53325
1,53382
1,53580
2,53600
1,53764
2,53868
1,54004
1,54114
1,54136
1,54232
2,54421
1,54422
1,54472
1,54675
1,54780
2,54945
1,55321
1,55429
1,55512
1,55657
1,56033
1,56044
1,56119
2,56307
5,56581
2,56856
1,57014
1,57024
1,57139
1,57161
1,57168
1,57249
1,57444
1,57567
2,57685
1,57844
1,57963
1,58081
1,58200
3,58241
5,58520
1,58732
2,58800
1,58801
11,59080
1,59096
2,59643
2,59972
4,60208
1,60307
1,60492
1,60501
1,60654
1,60780
1,60817
1,60937
1,60939
1,61016
1,61137
1,61297
1,61347
1,61510
1,61637
1,61920
1,62001
1,62089
1,62208
1,62326
1,62352
1,62372
2,62496
1,62810
1,62986
1,63075
1,63076
1,63100
1,63362
1,63567
1,63684
2,63826
1,63866
1,63948
1,63973
2,64240
1,64361
1,64396
1,64483
5,64533
3,64827
1,65121
1,65280
7,65416
1,65480
12,65712
1,65880
2,66008
2,66280
7,66305
1,66309
1,66484
1,66486
1,66501
9,66603
1,66639
1,66834
20,66901
1,66905
6,67200
1,67291
1,67350
1,67377
1,67460
54,67500
2,67800
1,67836
24,68101
1,68367
15,68403
8,68705
1,68985
10,69008
1,69017
2,69110
1,69136
1,69237
2,69312
1,69436
10,69616
1,69769
1,69859
7,69921
1,70076
1,70090
1,70227
1,70231
6,70533
1,70537
1,70558
1,70672
1,70687
8,70840
2,70966
3,71148
1,71149
1,71304
6,71456
7,71765
3,72075
1,72111
1,72232
1,72276
1,72385
1,72696
1,72866
1,72897
1,73008
1,73164
1,73320
1,73479
3,73558
1,73633
1,73666
1,73675
1,73947
1,74074
2,74261
2,74576
1,74790
1,74892
1,75080
1,75233
1,75843
1,75859
1,75897
1,75981
2,76161
1,76464
1,76480
1,76516
1,76548
2,76800
1,76825
1,77120
1,77290
2,77441
1,77499
1,77666
1,77682
2,77763
1,77809
1,77930
1,77959
1,78052
4,78085
1,78152
2,78408
1,78559
7,79056
1,79257
1,79375
1,79401
3,79707
1,80240
1,80360
1,80688
3,81016
1,81345
1,81524
1,81675
1,82016
1,82327
2,82668
1,82873
1,82922
1,83333
1,83740
1,83876
4,83984
1,84001
2,84649
1,84702
1,84708
1,84777
4,85008
1,85152
1,85345
1,85783
2,86021
1,86097
1,86114
1,86193
1,86263
2,86360
1,86431
1,86452
1,86467
2,86700
1,86944
1,87040
12,87076
2,87381
3,87723
1,87792
1,87892
1,87910
1,87966
7,88065
1,88101
1,88408
1,88664
15,89096
1,89441
1,89825
1,90149
1,90480
1,90533
1,90712
1,90828
1,90897
1,91032
2,91176
1,91200
1,91482
1,91525
1,92225
1,92576
1,92583
1,92641
1,92681
1,92928
2,93280
1,93305
6,93316
1,93387
1,93452
1,93633
1,93641
1,93676
2,93987
1,94184
3,94696
1,94702
1,94880
1,94945
1,95044
1,95114
1,95174
1,95216
4,95408
1,95444
1,95614
4,95765
1,95769
1,96089
2,96481
1,96840
3,97200
5,97560
1,98089
2,98283
1,98342
1,98400
1,98786
2,99008
1,99372
1,99510
1,99602
3,99772
1,99865
3,1.001e+05
1,1.0016e+05
1,1.002e+05
8,1.0047e+05
1,1.0072e+05
1,1.0083e+05
1,1.0083e+05
1,1.0097e+05
1,1.0098e+05
1,1.012e+05
1,1.0157e+05
1,1.0192e+05
2,1.0194e+05
1,1.0231e+05
2,1.0268e+05
1,1.0305e+05
1,1.0342e+05
2,1.0379e+05
1,1.0398e+05
1,1.0416e+05
1,1.0424e+05
1,1.0453e+05
1,1.0484e+05
1,1.051e+05
1,1.0528e+05
1,1.0551e+05
1,1.0561e+05
2,1.0566e+05
1,1.0591e+05
2,1.0603e+05
1,1.0628e+05
1,1.0641e+05
5,1.0646e+05
1,1.0698e+05
1,1.0718e+05
1,1.0735e+05
1,1.0735e+05
1,1.0752e+05
2,1.0754e+05
1,1.0775e+05
1,1.0792e+05
1,1.0797e+05
1,1.08e+05
1,1.0834e+05
2,1.0868e+05
1,1.0887e+05
1,1.0903e+05
6,1.0906e+05
1,1.091e+05
1,1.0911e+05
3,1.0918e+05
1,1.0925e+05
1,1.0941e+05
1,1.0944e+05
2,1.0954e+05
2,1.0983e+05
1,1.0986e+05
1,1.1011e+05
3,1.1021e+05
8,1.1027e+05
2,1.104e+05
4,1.1059e+05
1,1.1098e+05
2,1.1101e+05
1,1.1117e+05
1,1.1136e+05
2,1.1141e+05
7,1.1149e+05
6,1.1173e+05
9,1.1181e+05
1,1.1182e+05
1,1.1195e+05
3,1.1197e+05
2,1.1211e+05
2,1.1213e+05
1,1.1222e+05
1,1.1229e+05
1,1.123e+05
1,1.1248e+05
1,1.1251e+05
1,1.1252e+05
1,1.1259e+05
1,1.1266e+05
1,1.1267e+05
12,1.1267e+05
1,1.127e+05
1,1.1281e+05
49,1.1283e+05
2,1.1291e+05
9,1.13e+05
1,1.1305e+05
12,1.1308e+05
1,1.1316e+05
1,1.1317e+05
1,1.132e+05
1,1.1324e+05
2,1.133e+05
1,1.1344e+05
2,1.1357e+05
1,1.1376e+05
1,1.1447e+05
1,1.1507e+05
1,1.1564e+05
1,1.1569e+05
1,1.1603e+05
1,1.1605e+05
1,1.1623e+05
1,1.1636e+05
3,1.1682e+05
1,1.1689e+05
1,1.1755e+05
4,1.1761e+05
6,1.1771e+05
1,1.1771e+05
1,1.1799e+05
2,1.1801e+05
1,1.1839e+05
1,1.1841e+05
4,1.188e+05
1,1.1881e+05
1,1.192e+05
1,1.1923e+05
1,1.1942e+05
1,1.195e+05
1,1.196e+05
1,1.196e+05
1,1.1963e+05
4,1.2e+05
4,1.204e+05
1,1.2069e+05
1,1.2121e+05
1,1.2163e+05
1,1.2167e+05
1,1.2175e+05
3,1.2201e+05
1,1.2241e+05
5,1.2241e+05
1,1.2262e+05
1,1.2282e+05
3,1.2322e+05
2,1.2363e+05
1,1.2387e+05
1,1.2403e+05
3,1.2444e+05
1,1.2446e+05
5,1.2485e+05
1,1.2489e+05
1,1.2517e+05
3,1.2526e+05
1,1.2565e+05
1,1.2567e+05
1,1.2587e+05
4,1.2608e+05
1,1.2611e+05
1,1.2614e+05
1,1.2614e+05
1,1.2628e+05
1,1.2635e+05
1,1.264e+05
2,1.2649e+05
1,1.2677e+05
1,1.269e+05
1,1.2702e+05
1,1.2712e+05
2,1.2731e+05
1,1.2753e+05
2,1.2772e+05
2,1.2789e+05
1,1.2796e+05
1,1.281e+05
2,1.2813e+05
1,1.2837e+05
1,1.2857e+05
1,1.2858e+05
1,1.2874e+05
1,1.2875e+05
1,1.2877e+05
1,1.2878e+05
1,1.2897e+05
1,1.2921e+05
3,1.2938e+05
1,1.2947e+05
1,1.2967e+05
2,1.2979e+05
1,1.3063e+05
1,1.3071e+05
1,1.308e+05
1,1.3188e+05
1,1.323e+05
2,1.3272e+05
2,1.3314e+05
3,1.3356e+05
1,1.3358e+05
1,1.3399e+05
1,1.3418e+05
1,1.3434e+05
1,1.3468e+05
1,1.3507e+05
1,1.3509e+05
1,1.3533e+05
1,1.3536e+05
1,1.3542e+05
1,1.3572e+05
1,1.3574e+05
1,1.3592e+05
1,1.3612e+05
1,1.3624e+05
2,1.3645e+05
1,1.3651e+05
2,1.3653e+05
1,1.3665e+05
1,1.3676e+05
3,1.3687e+05
2,1.3696e+05
1,1.3708e+05
1,1.3723e+05
2,1.3731e+05
1,1.3739e+05
1,1.3759e+05
1,1.3766e+05
4,1.3782e+05
1,1.3818e+05
1,1.3825e+05
3,1.3911e+05
1,1.3911e+05
1,1.3934e+05
1,1.395e+05
1,1.3954e+05
1,1.3962e+05
1,1.3976e+05
1,1.3997e+05
1,1.4007e+05
1,1.4016e+05
2,1.4019e+05
1,1.4033e+05
1,1.4038e+05
5,1.404e+05
2,1.4083e+05
1,1.4127e+05
1,1.4132e+05
1,1.4224e+05
1,1.4238e+05
1,1.4252e+05
1,1.4254e+05
3,1.4257e+05
1,1.4274e+05
1,1.4323e+05
1,1.4345e+05
1,1.4366e+05
33,1.4388e+05
1,1.4389e+05
2,1.4432e+05
1,1.4468e+05
6,1.4476e+05
1,1.4478e+05
1,1.448e+05
1,1.4487e+05
1,1.4544e+05
1,1.4564e+05
1,1.4586e+05
1,1.4588e+05
2,1.4602e+05
1,1.4672e+05
1,1.4699e+05
1,1.4734e+05
1,1.4741e+05
1,1.476e+05
3,1.4765e+05
1,1.4785e+05
1,1.4828e+05
1,1.4835e+05
1,1.4842e+05
2,1.4874e+05
1,1.4906e+05
1,1.4919e+05
1,1.4927e+05
3,1.4963e+05
1,1.4978e+05
1,1.509e+05
2,1.5098e+05
1,1.5131e+05
1,1.5143e+05
1,1.5216e+05
1,1.5233e+05
1,1.5258e+05
5,1.5278e+05
1,1.5287e+05
1,1.53e+05
1,1.5314e+05
1,1.5323e+05
1,1.533e+05
1,1.5393e+05
1,1.5413e+05
1,1.5415e+05
1,1.5416e+05
1,1.5459e+05
2,1.5461e+05
1,1.5473e+05
1,1.5482e+05
7,1.5504e+05
1,1.5508e+05
1,1.5529e+05
3,1.555e+05
1,1.5573e+05
2,1.5595e+05
1,1.5599e+05
8,1.5641e+05
1,1.5646e+05
1,1.5673e+05
4,1.5687e+05
1,1.571e+05
1,1.5732e+05
2,1.5778e+05
2,1.578e+05
1,1.5801e+05
1,1.5805e+05
1,1.5807e+05
1,1.5824e+05
1,1.5831e+05
1,1.5835e+05
2,1.5845e+05
1,1.585e+05
1,1.5854e+05
1,1.5889e+05
1,1.5892e+05
1,1.5893e+05
1,1.5939e+05
1,1.5943e+05
2,1.5962e+05
1,1.5981e+05
1,1.6029e+05
3,1.6055e+05
1,1.6109e+05
1,1.6144e+05
2,1.6145e+05
1,1.6147e+05
1,1.6165e+05
2,1.6194e+05
1,1.6202e+05
1,1.6204e+05
2,1.6204e+05
1,1.6217e+05
1,1.6277e+05
3,1.6287e+05
2,1.6333e+05
1,1.6335e+05
1,1.6377e+05
1,1.6407e+05
2,1.6427e+05
1,1.6428e+05
1,1.645e+05
2,1.6485e+05
1,1.6497e+05
1,1.652e+05
5,1.6521e+05
1,1.6544e+05
1,1.6546e+05
1,1.657e+05
2,1.6615e+05
1,1.6625e+05
1,1.6638e+05
5,1.6709e+05
1,1.6753e+05
1,1.6792e+05
1,1.6805e+05
1,1.6851e+05
1,1.6851e+05
1,1.6863e+05
1,1.6869e+05
1,1.687e+05
2,1.6898e+05
1,1.6899e+05
2,1.6946e+05
1,1.7005e+05
1,1.7041e+05
1,1.7075e+05
1,1.7088e+05
1,1.7089e+05
2,1.7136e+05
1,1.7137e+05
1,1.7154e+05
1,1.7181e+05
2,1.7184e+05
1,1.7238e+05
1,1.7301e+05
1,1.7301e+05
1,1.7314e+05
1,1.7321e+05
2,1.7321e+05
1,1.7333e+05
4,1.7376e+05
1,1.739e+05
1,1.7424e+05
1,1.7495e+05
1,1.7521e+05
1,1.7521e+05
1,1.7523e+05
1,1.7541e+05
1,1.7546e+05
6,1.7569e+05
1,1.7574e+05
1,1.7583e+05
1,1.7587e+05
3,1.7618e+05
1,1.7622e+05
1,1.7628e+05
1,1.7649e+05
1,1.7666e+05
1,1.7681e+05
1,1.7697e+05
1,1.7698e+05
1,1.7718e+05
2,1.7731e+05
1,1.7752e+05
1,1.7761e+05
1,1.7763e+05
1,1.7788e+05
1,1.7788e+05
1,1.779e+05
1,1.7793e+05
1,1.7812e+05
1,1.7821e+05
1,1.7838e+05
1,1.7859e+05
4,1.791e+05
2,1.7923e+05
2,1.7959e+05
1,1.7983e+05
3,1.8008e+05
1,1.8012e+05
1,1.802e+05
1,1.8032e+05
1,1.8032e+05
1,1.805e+05
1,1.8057e+05
1,1.8071e+05
1,1.8072e+05
1,1.8083e+05
1,1.8093e+05
1,1.8106e+05
1,1.8108e+05
1,1.8117e+05
1,1.8127e+05
1,1.813e+05
1,1.8146e+05
2,1.8148e+05
1,1.8155e+05
1,1.8162e+05
2,1.817e+05
1,1.8181e+05
1,1.8189e+05
1,1.8214e+05
1,1.8243e+05
2,1.8253e+05
3,1.8303e+05
1,1.8307e+05
1,1.8319e+05
1,1.8326e+05
1,1.8328e+05
2,1.8349e+05
1,1.8352e+05
1,1.8377e+05
1,1.8402e+05
1,1.8423e+05
1,1.8438e+05
1,1.8451e+05
1,1.8493e+05
1,1.8501e+05
1,1.8526e+05
1,1.8547e+05
3,1.8551e+05
6,1.8556e+05
1,1.8596e+05
1,1.86e+05
1,1.8628e+05
1,1.8647e+05
1,1.865e+05
1,1.8654e+05
1,1.8658e+05
1,1.8674e+05
1,1.8678e+05
1,1.8685e+05
1,1.8685e+05
2,1.87e+05
5,1.8704e+05
1,1.8747e+05
1,1.8751e+05
3,1.8773e+05
1,1.8776e+05
1,1.8795e+05
1,1.88e+05
1,1.881e+05
1,1.884e+05
1,1.885e+05
1,1.8881e+05
1,1.89e+05
1,1.8956e+05
1,1.8994e+05
1,1.9001e+05
1,1.9054e+05
1,1.9063e+05
2,1.9102e+05
1,1.9103e+05
3,1.9108e+05
1,1.9119e+05
1,1.914e+05
1,1.9144e+05
1,1.9152e+05
6,1.9152e+05
1,1.9178e+05
1,1.9181e+05
1,1.9214e+05
1,1.9217e+05
1,1.9251e+05
1,1.9279e+05
1,1.9295e+05
1,1.9304e+05
1,1.9309e+05
1,1.9309e+05
1,1.9326e+05
2,1.9332e+05
1,1.9335e+05
1,1.9355e+05
1,1.9363e+05
1,1.9378e+05
1,1.9392e+05
1,1.9396e+05
1,1.9418e+05
1,1.9457e+05
1,1.946e+05
1,1.9508e+05
1,1.954e+05
1,1.9543e+05
1,1.9562e+05
1,1.9575e+05
2,1.9596e+05
1,1.961e+05
1,1.9661e+05
1,1.9683e+05
1,1.9683e+05
1,1.9689e+05
1,1.9713e+05
1,1.9732e+05
1,1.9734e+05
1,1.9763e+05
1,1.9766e+05
1,1.977e+05
1,1.978e+05
1,1.979e+05
1,1.98e+05
2,1.9834e+05
1,1.9837e+05
2,1.9849e+05
1,1.9852e+05
1,1.9853e+05
1,1.9861e+05
1,1.9866e+05
1,1.9868e+05
1,1.9887e+05
1,1.9888e+05
1,1.9912e+05
1,1.9918e+05
1,1.9919e+05
1,1.996e+05
1,1.9969e+05
1,1.9983e+05
2,2.0013e+05
3,2.0021e+05
1,2.0051e+05
1,2.0053e+05
1,2.0053e+05
1,2.0073e+05
3,2.0109e+05
1,2.0128e+05
1,2.0132e+05
1,2.0133e+05
5,2.0176e+05
1,2.0186e+05
1,2.0202e+05
2,2.0205e+05
1,2.0216e+05
1,2.0236e+05
1,2.0249e+05
2,2.0254e+05
1,2.0256e+05
1,2.0272e+05
1,2.028e+05
3,2.0307e+05
1,2.0314e+05
1,2.0361e+05
1,2.0376e+05
1,2.0386e+05
1,2.0389e+05
1,2.0393e+05
1,2.0422e+05
5,2.0436e+05
1,2.0508e+05
1,2.0515e+05
2,2.0541e+05
1,2.0551e+05
1,2.0567e+05
1,2.0573e+05
1,2.0576e+05
3,2.0593e+05
1,2.0599e+05
1,2.0619e+05
4,2.0627e+05
2,2.0646e+05
1,2.0655e+05
1,2.0657e+05
1,2.0679e+05
1,2.0688e+05
1,2.0707e+05
15,2.0727e+05
6,2.0754e+05
1,2.0773e+05
1,2.0788e+05
1,2.0797e+05
1,2.0847e+05
1,2.0856e+05
1,2.0858e+05
1,2.086e+05
6,2.0885e+05
1,2.0907e+05
2,2.0962e+05
1,2.0964e+05
1,2.0969e+05
1,2.0989e+05
1,2.0995e+05
1,2.1007e+05
2,2.1015e+05
1,2.1015e+05
5,2.1041e+05
1,2.1041e+05
1,2.1045e+05
13,2.1068e+05
1,2.1072e+05
1,2.1082e+05
3,2.1094e+05
1,2.1094e+05
4,2.1147e+05
1,2.1174e+05
1,2.1174e+05
1,2.1176e+05
1,2.12e+05
3,2.1221e+05
3,2.1227e+05
1,2.1227e+05
1,2.128e+05
1,2.1299e+05
1,2.1312e+05
1,2.144e+05
1,2.148e+05
1,2.1486e+05
1,2.1492e+05
1,2.1525e+05
1,2.1529e+05
1,2.1534e+05
3,2.1547e+05
1,2.1565e+05
6,2.1601e+05
1,2.1603e+05
1,2.1609e+05
1,2.1638e+05
1,2.1671e+05
1,2.1675e+05
1,2.1708e+05
2,2.1711e+05
1,2.1743e+05
1,2.1751e+05
3,2.1762e+05
3,2.1796e+05
2,2.1869e+05
1,2.1897e+05
2,2.1906e+05
1,2.1917e+05
1,2.1943e+05
1,2.1944e+05
1,2.1979e+05
1,2.2021e+05
1,2.2032e+05
1,2.2051e+05
1,2.2064e+05
1,2.2066e+05
1,2.214e+05
1,2.2162e+05
1,2.2178e+05
1,2.2185e+05
1,2.2195e+05
1,2.2197e+05
1,2.2227e+05
1,2.2228e+05
1,2.2266e+05
3,2.2304e+05
1,2.2313e+05
1,2.2352e+05
1,2.2359e+05
1,2.2366e+05
1,2.2398e+05
1,2.2417e+05
1,2.2422e+05
1,2.2433e+05
1,2.2441e+05
1,2.2449e+05
2,2.2468e+05
1,2.2493e+05
1,2.2521e+05
1,2.2522e+05
2,2.2523e+05
1,2.2542e+05
1,2.2576e+05
1,2.2578e+05
2,2.2592e+05
1,2.2632e+05
1,2.2643e+05
1,2.2662e+05
1,2.2688e+05
2,2.2702e+05
1,2.2705e+05
1,2.2712e+05
1,2.2715e+05
2,2.2743e+05
2,2.2766e+05
1,2.277e+05
1,2.2798e+05
1,2.2808e+05
1,2.2812e+05
1,2.284e+05
1,2.2881e+05
1,2.2882e+05
1,2.2894e+05
2,2.2935e+05
1,2.2936e+05
1,2.2957e+05
1,2.2963e+05
4,2.299e+05
1,2.2991e+05
2,2.3012e+05
29,2.3019e+05
1,2.3045e+05
1,2.3055e+05
12,2.3074e+05
1,2.3076e+05
1,2.3078e+05
1,2.309e+05
1,2.3131e+05
1,2.3134e+05
1,2.3158e+05
1,2.3165e+05
1,2.3174e+05
1,2.318e+05
2,2.3204e+05
1,2.3206e+05
4,2.3241e+05
1,2.3253e+05
1,2.3253e+05
2,2.3294e+05
1,2.3297e+05
1,2.331e+05
1,2.3323e+05
1,2.3348e+05
1,2.335e+05
2,2.3352e+05
1,2.336e+05
1,2.3366e+05
1,2.3408e+05
1,2.3415e+05
1,2.3464e+05
1,2.3477e+05
1,2.351e+05
1,2.352e+05
1,2.3524e+05
1,2.3584e+05
1,2.3593e+05
2,2.3621e+05
1,2.3636e+05
1,2.364e+05
1,2.3655e+05
1,2.3674e+05
1,2.3688e+05
1,2.3712e+05
1,2.3718e+05
1,2.3752e+05
1,2.3753e+05
2,2.3757e+05
1,2.3777e+05
1,2.3829e+05
1,2.3833e+05
1,2.3841e+05
2,2.3857e+05
1,2.3885e+05
2,2.3914e+05
1,2.3926e+05
1,2.397e+05
1,2.3985e+05
2,2.4027e+05
1,2.4029e+05
1,2.4092e+05
1,2.4095e+05
1,2.4097e+05
1,2.4098e+05
1,2.41e+05
1,2.4116e+05
1,2.414e+05
1,2.4172e+05
1,2.4172e+05
1,2.4225e+05
1,2.4229e+05
1,2.4233e+05
3,2.4254e+05
3,2.4311e+05
1,2.4316e+05
1,2.4326e+05
1,2.4342e+05
1,2.4399e+05
1,2.4482e+05
1,2.4485e+05
1,2.4524e+05
3,2.4539e+05
1,2.4567e+05
1,2.4592e+05
1,2.4596e+05
1,2.4619e+05
1,2.4631e+05
1,2.4638e+05
3,2.4653e+05
1,2.469e+05
2,2.4711e+05
1,2.4713e+05
1,2.4728e+05
1,2.4739e+05
1,2.4749e+05
1,2.4768e+05
1,2.4799e+05
1,2.4821e+05
2,2.4828e+05
1,2.4844e+05
1,2.4851e+05
1,2.4856e+05
3,2.4856e+05
1,2.4857e+05
1,2.4883e+05
1,2.4907e+05
1,2.4936e+05
1,2.4941e+05
2,2.4943e+05
1,2.4951e+05
1,2.4967e+05
1,2.4972e+05
1,2.5013e+05
1,2.5018e+05
1,2.5056e+05
2,2.5056e+05
1,2.5057e+05
1,2.5061e+05
1,2.5085e+05
1,2.5088e+05
1,2.5102e+05
4,2.5114e+05
1,2.5118e+05
1,2.5172e+05
1,2.5211e+05
1,2.5212e+05
3,2.523e+05
1,2.5231e+05
1,2.5259e+05
2,2.5288e+05
2,2.5346e+05
2,2.5404e+05
2,2.5407e+05
1,2.5413e+05
2,2.5463e+05
1,2.5466e+05
1,2.5492e+05
1,2.5492e+05
1,2.5498e+05
1,2.5508e+05
5,2.5521e+05
1,2.5579e+05
2,2.5582e+05
1,2.5591e+05
1,2.5599e+05
1,2.561e+05
1,2.5638e+05
1,2.5641e+05
1,2.5667e+05
1,2.5668e+05
1,2.5675e+05
1,2.5696e+05
2,2.5755e+05
1,2.5769e+05
1,2.5773e+05
1,2.578e+05
1,2.5787e+05
1,2.579e+05
3,2.5813e+05
1,2.5846e+05
2,2.5904e+05
1,2.5931e+05
2,2.5931e+05
1,2.5932e+05
1,2.5951e+05
1,2.5984e+05
1,2.599e+05
1,2.6049e+05
1,2.6057e+05
2,2.6081e+05
1,2.6082e+05
1,2.6101e+05
2,2.6108e+05
1,2.611e+05
1,2.6138e+05
1,2.614e+05
1,2.6212e+05
1,2.6217e+05
1,2.6226e+05
5,2.6285e+05
1,2.6313e+05
1,2.6316e+05
3,2.6344e+05
2,2.6387e+05
5,2.6403e+05
1,2.6406e+05
1,2.6409e+05
2,2.6446e+05
2,2.6463e+05
1,2.6492e+05
1,2.6512e+05
5,2.6522e+05
1,2.6552e+05
1,2.6556e+05
1,2.6592e+05
1,2.6626e+05
1,2.6671e+05
1,2.6672e+05
3,2.6701e+05
1,2.6702e+05
1,2.6703e+05
1,2.6704e+05
1,2.6712e+05
4,2.6716e+05
1,2.6731e+05
1,2.6734e+05
1,2.6738e+05
1,2.6738e+05
8,2.6742e+05
5,2.675e+05
1,2.6761e+05
1,2.6766e+05
1,2.6795e+05
1,2.6847e+05
1,2.685e+05
1,2.6863e+05
2,2.688e+05
1,2.6892e+05
1,2.6971e+05
3,2.6973e+05
2,2.6985e+05
6,2.7e+05
1,2.7001e+05
1,2.7014e+05
1,2.7031e+05
2,2.706e+05
2,2.706e+05
1,2.7076e+05
1,2.709e+05
1,2.709e+05
1,2.71e+05
1,2.7124e+05
4,2.718e+05
1,2.7188e+05
1,2.7211e+05
1,2.7215e+05
10,2.7267e+05
3,2.7301e+05
3,2.7301e+05
1,2.7347e+05
1,2.7348e+05
1,2.7365e+05
1,2.7384e+05
1,2.7396e+05
1,2.7405e+05
4,2.7422e+05
1,2.7437e+05
1,2.7445e+05
1,2.7457e+05
1,2.7486e+05
1,2.7489e+05
1,2.7515e+05
2,2.7542e+05
1,2.7543e+05
1,2.7563e+05
1,2.7565e+05
1,2.7573e+05
1,2.7576e+05
4,2.7603e+05
1,2.7606e+05
1,2.7643e+05
1,2.767e+05
1,2.7681e+05
1,2.7694e+05
1,2.7695e+05
1,2.7724e+05
1,2.7725e+05
1,2.7741e+05
1,2.7755e+05
1,2.7761e+05
2,2.7786e+05
1,2.7801e+05
1,2.7811e+05
1,2.7821e+05
1,2.7832e+05
1,2.784e+05
1,2.7841e+05
3,2.7847e+05
1,2.7861e+05
2,2.7862e+05
3,2.7901e+05
1,2.7908e+05
1,2.7908e+05
4,2.7969e+05
23,2.7981e+05
6,2.803e+05
4,2.8062e+05
2,2.8085e+05
1,2.8091e+05
4,2.8152e+05
3,2.8161e+05
1,2.8171e+05
1,2.8184e+05
1,2.8186e+05
2,2.8202e+05
1,2.8228e+05
1,2.8243e+05
1,2.8251e+05
1,2.8256e+05
1,2.8278e+05
7,2.8283e+05
1,2.8322e+05
1,2.8336e+05
1,2.8366e+05
1,2.8398e+05
1,2.8419e+05
1,2.8439e+05
1,2.8459e+05
1,2.8466e+05
1,2.8471e+05
1,2.8482e+05
1,2.8564e+05
1,2.8583e+05
1,2.8622e+05
1,2.8686e+05
1,2.8706e+05
1,2.8717e+05
1,2.8768e+05
3,2.883e+05
1,2.8833e+05
1,2.8872e+05
1,2.8886e+05
1,2.8954e+05
1,2.8972e+05
1,2.8996e+05
1,2.9005e+05
1,2.9096e+05
1,2.911e+05
2,2.9141e+05
1,2.9196e+05
2,2.9203e+05
1,2.9203e+05
1,2.921e+05
1,2.9242e+05
1,2.9311e+05
1,2.9316e+05
3,2.9328e+05
1,2.936e+05
1,2.9361e+05
1,2.9439e+05
1,2.9442e+05
1,2.9451e+05
2,2.9453e+05
1,2.9454e+05
1,2.9516e+05
2,2.9579e+05
1,2.9693e+05
1,2.9703e+05
1,2.9751e+05
2,2.9831e+05
1,2.9882e+05
3,2.9894e+05
1,2.9949e+05
1,2.9957e+05
1,3.002e+05
3,3.0083e+05
1,3.0097e+05
1,3.0147e+05
2,3.0155e+05
1,3.0168e+05
2,3.0181e+05
3,3.021e+05
1,3.0234e+05
1,3.0244e+05
1,3.04e+05
1,3.0401e+05
1,3.0404e+05
1,3.0446e+05
1,3.0448e+05
1,3.0466e+05
1,3.048e+05
1,3.0484e+05
1,3.0504e+05
2,3.0528e+05
1,3.0529e+05
1,3.0582e+05
2,3.0592e+05
1,3.0619e+05
1,3.0704e+05
2,3.072e+05
2,3.0784e+05
2,3.0848e+05
1,3.0856e+05
1,3.0912e+05
1,3.0979e+05
1,3.1041e+05
1,3.1106e+05
1,3.1171e+05
1,3.1199e+05
1,3.1202e+05
1,3.1202e+05
1,3.1206e+05
1,3.1237e+05
1,3.1248e+05
1,3.1279e+05
3,3.1302e+05
1,3.1318e+05
1,3.1388e+05
1,3.1428e+05
1,3.1462e+05
1,3.1493e+05
1,3.1526e+05
2,3.1558e+05
3,3.1558e+05
1,3.1564e+05
1,3.1565e+05
1,3.1575e+05
1,3.1577e+05
1,3.1593e+05
1,3.1623e+05
1,3.1624e+05
1,3.1641e+05
1,3.1658e+05
1,3.1666e+05
1,3.1688e+05
1,3.169e+05
5,3.1691e+05
1,3.1767e+05
1,3.1824e+05
1,3.185e+05
1,3.1853e+05
1,3.189e+05
2,3.191e+05
1,3.1918e+05
1,3.1919e+05
3,3.1948e+05
1,3.1992e+05
1,3.2013e+05
1,3.2024e+05
1,3.2046e+05
1,3.2079e+05
1,3.2111e+05
1,3.2112e+05
1,3.2114e+05
1,3.2116e+05
1,3.2143e+05
4,3.2144e+05
1,3.221e+05
1,3.2254e+05
1,3.2275e+05
1,3.2275e+05
1,3.2311e+05
3,3.2341e+05
1,3.2345e+05
2,3.2377e+05
3,3.2407e+05
1,3.244e+05
5,3.2472e+05
1,3.25e+05
3,3.2538e+05
1,3.2542e+05
1,3.2556e+05
1,3.2569e+05
1,3.2595e+05
1,3.2604e+05
1,3.2674e+05
3,3.2736e+05
2,3.274e+05
2,3.2769e+05
2,3.2802e+05
1,3.2836e+05
3,3.2868e+05
1,3.2892e+05
4,3.2935e+05
1,3.2968e+05
1,3.2993e+05
2,3.3001e+05
3,3.3034e+05
1,3.3037e+05
5,3.3067e+05
3,3.3134e+05
1,3.3167e+05
1,3.32e+05
3,3.3267e+05
1,3.327e+05
4,3.3333e+05
1,3.34e+05
1,3.3447e+05
1,3.3448e+05
4,3.3467e+05
1,3.3534e+05
1,3.3534e+05
2,3.3668e+05
3,3.3802e+05
2,3.3869e+05
1,3.3874e+05
2,3.3894e+05
1,3.4003e+05
4,3.4071e+05
5,3.4138e+05
9,3.4167e+05
1,3.4206e+05
1,3.4239e+05
4,3.4273e+05
1,3.4277e+05
3,3.4409e+05
1,3.4442e+05
1,3.4499e+05
1,3.4524e+05
1,3.4618e+05
3,3.468e+05
1,3.4748e+05
2,3.4953e+05
1,3.4988e+05
3,3.5021e+05
1,3.5029e+05
2,3.5089e+05
1,3.509e+05
1,3.5158e+05
2,3.5226e+05
2,3.5295e+05
1,3.5296e+05
2,3.5432e+05
110,3.5501e+05
20,3.557e+05
2,3.5639e+05
14,3.5708e+05
1,3.5742e+05
1,3.5777e+05
1,3.5799e+05
1,3.5809e+05
2,3.5846e+05
1,3.5881e+05
1,3.5915e+05
1,3.5942e+05
1,3.5984e+05
5,3.6053e+05
2,3.6192e+05
2,3.6262e+05
1,3.6293e+05
1,3.6439e+05
3,3.661e+05
1,3.6612e+05
1,3.6663e+05
1,3.668e+05
1,3.6684e+05
1,3.6715e+05
2,3.682e+05
1,3.6866e+05
2,3.689e+05
1,3.6945e+05
1,3.696e+05
1,3.7031e+05
2,3.7242e+05
1,3.7321e+05
1,3.7383e+05
1,3.7476e+05
1,3.7566e+05
2,3.7595e+05
1,3.7666e+05
1,3.7685e+05
1,3.7808e+05
1,3.7879e+05
1,3.7894e+05
1,3.8021e+05
1,3.8065e+05
1,3.8092e+05
2,3.8163e+05
2,3.8164e+05
1,3.8235e+05
1,3.8238e+05
1,3.8306e+05
1,3.8342e+05
1,3.8426e+05
1,3.8441e+05
1,3.8494e+05
3,3.8521e+05
3,3.8577e+05
3,3.8593e+05
1,3.8611e+05
1,3.8652e+05
1,3.8663e+05
2,3.8674e+05
1,3.8707e+05
1,3.8779e+05
1,3.8788e+05
3,3.8808e+05
1,3.888e+05
2,3.8952e+05
2,3.8958e+05
2,3.8968e+05
2,3.8971e+05
3,3.8979e+05
1,3.8996e+05
1,3.9063e+05
1,3.9063e+05
2,3.9066e+05
1,3.9067e+05
1,3.9077e+05
1,3.9082e+05
1,3.9088e+05
3,3.9096e+05
2,3.91e+05
1,3.9107e+05
1,3.9113e+05
1,3.9138e+05
1,3.9167e+05
1,3.9175e+05
2,3.9183e+05
2,3.9226e+05
1,3.9241e+05
1,3.9255e+05
1,3.926e+05
1,3.9313e+05
1,3.9315e+05
1,3.9367e+05
1,3.937e+05
1,3.9383e+05
2,3.9386e+05
1,3.9392e+05
2,3.9405e+05
1,3.9405e+05
1,3.9439e+05
2,3.9451e+05
2,3.9458e+05
1,3.9466e+05
2,3.9473e+05
1,3.9494e+05
1,3.9511e+05
1,3.9532e+05
1,3.9553e+05
1,3.9559e+05
1,3.9603e+05
2,3.9645e+05
1,3.9676e+05
1,3.9679e+05
1,3.9707e+05
1,3.973e+05
1,3.9754e+05
2,3.9763e+05
1,3.9796e+05
1,3.9827e+05
1,3.9895e+05
1,3.9968e+05
1,4.0127e+05
2,4.0156e+05
1,4.0163e+05
2,4.0187e+05
1,4.0227e+05
1,4.0253e+05
1,4.0263e+05
1,4.0304e+05
1,4.0311e+05
1,4.0339e+05
2,4.0356e+05
3,4.0407e+05
8,4.0477e+05
1,4.0482e+05
1,4.0491e+05
1,4.056e+05
1,4.0618e+05
3,4.0632e+05
4,4.0701e+05
1,4.0777e+05
2,4.078e+05
2,4.0788e+05
1,4.0816e+05
3,4.0848e+05
2,4.0908e+05
1,4.0911e+05
2,4.0922e+05
1,4.1015e+05
1,4.1063e+05
2,4.1144e+05
1,4.1167e+05
1,4.1179e+05
1,4.12e+05
2,4.1213e+05
1,4.123e+05
1,4.1247e+05
1,4.1267e+05
1,4.1292e+05
1,4.1332e+05
1,4.1367e+05
2,4.1368e+05
4,4.1386e+05
5,4.1403e+05
2,4.1407e+05
1,4.1421e+05
1,4.1441e+05
1,4.1457e+05
1,4.15e+05
1,4.1515e+05
1,4.1529e+05
1,4.1602e+05
1,4.1639e+05
2,4.1658e+05
1,4.1664e+05
1,4.1701e+05
1,4.1707e+05
2,4.1713e+05
1,4.1751e+05
1,4.1768e+05
1,4.1777e+05
1,4.1813e+05
1,4.1847e+05
1,4.1865e+05
3,4.1885e+05
1,4.1948e+05
1,4.1963e+05
1,4.1989e+05
1,4.2023e+05
3,4.2038e+05
1,4.2113e+05
1,4.2114e+05
2,4.2184e+05
1,4.2188e+05
1,4.2241e+05
3,4.2263e+05
1,4.2338e+05
1,4.2363e+05
1,4.2415e+05
1,4.254e+05
1,4.2544e+05
1,4.256e+05
2,4.2563e+05
1,4.258e+05
1,4.2636e+05
1,4.2639e+05
1,4.2693e+05
1,4.2714e+05
1,4.2759e+05
1,4.2771e+05
1,4.2782e+05
1,4.279e+05
1,4.2827e+05
1,4.287e+05
1,4.2922e+05
1,4.3006e+05
2,4.3017e+05
1,4.307e+05
2,4.3076e+05
1,4.3092e+05
1,4.3099e+05
1,4.3165e+05
1,4.3184e+05
1,4.324e+05
3,4.3244e+05
1,4.3247e+05
1,4.3255e+05
2,4.332e+05
4,4.3396e+05
1,4.3411e+05
1,4.3417e+05
1,4.3431e+05
1,4.3434e+05
1,4.3446e+05
1,4.3454e+05
1,4.3454e+05
1,4.3472e+05
1,4.349e+05
1,4.3503e+05
4,4.3528e+05
1,4.3528e+05
1,4.3546e+05
2,4.3548e+05
1,4.3552e+05
1,4.356e+05
2,4.3566e+05
1,4.3572e+05
3,4.3577e+05
3,4.36e+05
1,4.3623e+05
2,4.3626e+05
1,4.3641e+05
1,4.3651e+05
1,4.3667e+05
1,4.3675e+05
1,4.3701e+05
1,4.3723e+05
1,4.3733e+05
1,4.374e+05
1,4.3742e+05
1,4.3763e+05
1,4.3777e+05
1,4.3778e+05
1,4.3787e+05
1,4.3793e+05
1,4.3796e+05
1,4.3811e+05
1,4.3815e+05
1,4.3851e+05
1,4.387e+05
1,4.387e+05
1,4.3927e+05
2,4.393e+05
1,4.398e+05
1,4.4e+05
4,4.4007e+05
1,4.4021e+05
1,4.4032e+05
1,4.4036e+05
1,4.4055e+05
1,4.408e+05
1,4.4081e+05
1,4.4087e+05
1,4.4106e+05
1,4.4107e+05
1,4.4122e+05
1,4.4133e+05
1,4.4135e+05
1,4.4143e+05
1,4.4156e+05
1,4.4158e+05
1,4.417e+05
1,4.4171e+05
1,4.4172e+05
1,4.4185e+05
1,4.4194e+05
1,4.4205e+05
1,4.4208e+05
1,4.4213e+05
1,4.4228e+05
1,4.4229e+05
1,4.4237e+05
1,4.429e+05
1,4.4291e+05
2,4.4314e+05
1,4.4317e+05
1,4.4369e+05
1,4.4388e+05
1,4.4391e+05
1,4.4423e+05
1,4.4457e+05
1,4.4458e+05
1,4.4478e+05
1,4.4483e+05
1,4.4485e+05
1,4.45e+05
1,4.452e+05
1,4.4524e+05
1,4.453e+05
1,4.4543e+05
1,4.4545e+05
2,4.4545e+05
1,4.462e+05
1,4.4623e+05
1,4.4627e+05
1,4.4634e+05
1,4.4639e+05
1,4.4678e+05
1,4.4689e+05
1,4.47e+05
1,4.4702e+05
1,4.4713e+05
2,4.4748e+05
1,4.4757e+05
1,4.4762e+05
1,4.4773e+05
1,4.4774e+05
1,4.4807e+05
1,4.481e+05
2,4.4821e+05
1,4.4828e+05
1,4.4836e+05
1,4.4853e+05
1,4.4856e+05
1,4.4859e+05
1,4.4863e+05
1,4.487e+05
1,4.4884e+05
3,4.4943e+05
1,4.4953e+05
1,4.4963e+05
1,4.4979e+05
1,4.5008e+05
1,4.5012e+05
1,4.5018e+05
1,4.5027e+05
1,4.5031e+05
1,4.5047e+05
2,4.5086e+05
1,4.5112e+05
1,4.5122e+05
1,4.5131e+05
1,4.5133e+05
4,4.5163e+05
2,4.5197e+05
1,4.5241e+05
1,4.5253e+05
1,4.5255e+05
1,4.5275e+05
1,4.5319e+05
1,4.5328e+05
1,4.5339e+05
1,4.5341e+05
1,4.5363e+05
1,4.5406e+05
1,4.5428e+05
1,4.5459e+05
1,4.5463e+05
1,4.5474e+05
1,4.5475e+05
1,4.5475e+05
1,4.5477e+05
1,4.5504e+05
1,4.5526e+05
1,4.5528e+05
1,4.5546e+05
2,4.5552e+05
1,4.5574e+05
1,4.5588e+05
1,4.563e+05
1,4.5645e+05
1,4.5659e+05
1,4.5674e+05
1,4.5708e+05
1,4.5732e+05
2,4.5768e+05
1,4.5786e+05
2,4.5807e+05
1,4.5837e+05
1,4.5843e+05
1,4.5864e+05
1,4.5873e+05
2,4.5877e+05
1,4.5894e+05
1,4.5897e+05
1,4.5903e+05
1,4.5912e+05
1,4.5934e+05
3,4.5943e+05
2,4.5978e+05
5,4.5994e+05
1,4.5994e+05
1,4.601e+05
1,4.601e+05
1,4.602e+05
4,4.6021e+05
1,4.6023e+05
1,4.6026e+05
2,4.6042e+05
1,4.6062e+05
17,4.6099e+05
2,4.6117e+05
1,4.614e+05
1,4.6173e+05
1,4.6184e+05
1,4.6241e+05
4,4.6256e+05
1,4.6277e+05
1,4.6297e+05
1,4.6324e+05
1,4.6326e+05
1,4.635e+05
1,4.6373e+05
1,4.6381e+05
2,4.64e+05
1,4.6413e+05
1,4.6429e+05
1,4.6489e+05
1,4.6495e+05
1,4.6533e+05
1,4.6535e+05
1,4.6539e+05
1,4.6615e+05
1,4.6616e+05
1,4.6672e+05
1,4.6687e+05
1,4.6778e+05
1,4.6778e+05
1,4.6797e+05
1,4.6817e+05
1,4.6833e+05
1,4.6856e+05
1,4.6885e+05
1,4.6887e+05
1,4.6903e+05
1,4.6906e+05
1,4.6932e+05
1,4.6952e+05
1,4.6964e+05
1,4.6966e+05
2,4.6971e+05
1,4.6971e+05
1,4.6993e+05
1,4.7001e+05
1,4.7021e+05
1,4.7033e+05
1,4.7044e+05
1,4.7045e+05
1,4.7045e+05
1,4.7082e+05
1,4.7164e+05
1,4.7197e+05
1,4.7224e+05
1,4.7233e+05
1,4.7237e+05
1,4.7268e+05
1,4.7282e+05
1,4.7322e+05
1,4.7326e+05
1,4.735e+05
1,4.7369e+05
1,4.7373e+05
1,4.7376e+05
1,4.7396e+05
1,4.7397e+05
1,4.7426e+05
1,4.7442e+05
1,4.7465e+05
1,4.7476e+05
1,4.7481e+05
1,4.75e+05
1,4.7561e+05
1,4.7589e+05
2,4.7601e+05
1,4.7641e+05
1,4.7679e+05
1,4.7687e+05
1,4.7737e+05
1,4.7767e+05
2,4.7768e+05
1,4.7775e+05
1,4.7789e+05
1,4.784e+05
1,4.7859e+05
1,4.7886e+05
3,4.792e+05
1,4.794e+05
1,4.7972e+05
1,4.7999e+05
2,4.8e+05
1,4.8007e+05
1,4.801e+05
1,4.8016e+05
1,4.8074e+05
6,4.8077e+05
1,4.8109e+05
2,4.816e+05
1,4.8173e+05
1,4.8186e+05
1,4.8216e+05
1,4.8222e+05
1,4.8355e+05
1,4.8361e+05
3,4.8401e+05
1,4.8406e+05
1,4.8441e+05
1,4.8447e+05
1,4.8464e+05
10,4.8481e+05
1,4.8496e+05
4,4.8562e+05
1,4.8582e+05
2,4.8596e+05
1,4.863e+05
1,4.8642e+05
1,4.8695e+05
1,4.874e+05
1,4.8777e+05
1,4.8779e+05
1,4.8787e+05
1,4.8845e+05
2,4.8884e+05
1,4.8903e+05
1,4.8921e+05
1,4.8963e+05
2,4.8965e+05
1,4.8999e+05
1,4.9007e+05
2,4.9046e+05
1,4.9069e+05
6,4.9127e+05
1,4.9145e+05
1,4.922e+05
1,4.9221e+05
1,4.9243e+05
1,4.9253e+05
10,4.937e+05
1,4.937e+05
1,4.9423e+05
7,4.9451e+05
1,4.9461e+05
1,4.9466e+05
1,4.9501e+05
1,4.9566e+05
1,4.9567e+05
1,4.9612e+05
4,4.9613e+05
2,4.9695e+05
1,4.9729e+05
1,4.977e+05
1,4.9775e+05
2,4.9776e+05
1,4.9777e+05
1,4.9839e+05
6,4.9858e+05
1,4.9858e+05
1,4.9903e+05
1,4.9919e+05
1,4.9972e+05
1,4.9973e+05
1,5.0007e+05
5,5.0021e+05
1,5.0026e+05
1,5.0045e+05
1,5.008e+05
1,5.0101e+05
1,5.0103e+05
2,5.0104e+05
1,5.0112e+05
1,5.0167e+05
1,5.0184e+05
2,5.0197e+05
1,5.0213e+05
1,5.0243e+05
4,5.0266e+05
1,5.0293e+05
1,5.0304e+05
1,5.0314e+05
1,5.0339e+05
16,5.0348e+05
21,5.043e+05
1,5.0451e+05
16,5.0512e+05
1,5.0536e+05
1,5.0598e+05
2,5.0654e+05
1,5.0661e+05
1,5.069e+05
1,5.0729e+05
3,5.0745e+05
3,5.0759e+05
1,5.0784e+05
1,5.0794e+05
1,5.0802e+05
23,5.0841e+05
1,5.0923e+05
1,5.099e+05
1,5.0993e+05
1,5.1006e+05
1,5.1083e+05
19,5.1088e+05
1,5.1103e+05
1,5.1122e+05
1,5.1124e+05
3,5.1171e+05
1,5.1198e+05
5,5.1223e+05
1,5.1251e+05
2,5.1253e+05
1,5.1257e+05
23,5.1263e+05
17,5.1304e+05
1,5.1328e+05
1,5.1338e+05
1,5.1359e+05
1,5.1371e+05
1,5.1376e+05
1,5.1394e+05
3,5.1419e+05
1,5.1423e+05
2,5.1425e+05
1,5.1502e+05
1,5.1531e+05
1,5.1548e+05
1,5.1585e+05
1,5.1668e+05
1,5.1718e+05
1,5.1796e+05
1,5.184e+05
1,5.1847e+05
1,5.1852e+05
1,5.187e+05
1,5.1891e+05
1,5.1893e+05
2,5.1917e+05
1,5.1966e+05
2,5.1972e+05
1,5.1999e+05
4,5.2e+05
1,5.2038e+05
1,5.2042e+05
1,5.2075e+05
1883,5.2083e+05
2,5.2083e+05
1,5.2097e+05
1,5.2119e+05
1,5.2129e+05
4,5.2167e+05
2,5.2187e+05
1,5.2194e+05
1,5.2204e+05
1,5.2221e+05
1,5.2226e+05
1,5.2244e+05
4,5.225e+05
1,5.225e+05
1,5.226e+05
1,5.226e+05
1,5.2269e+05
1,5.2273e+05
1,5.2283e+05
1,5.2289e+05
1,5.2311e+05
1,5.2331e+05
1,5.2334e+05
1,5.2338e+05
1,5.2339e+05
1,5.2344e+05
1,5.2352e+05
1,5.2357e+05
5,5.2376e+05
5,5.2386e+05
2,5.2417e+05
3,5.2429e+05
1,5.2435e+05
1,5.2463e+05
1,5.2484e+05
11,5.2501e+05
3,5.2523e+05
2,5.2537e+05
1,5.2551e+05
1,5.2551e+05
1,5.2585e+05
2,5.2585e+05
1,5.2594e+05
1,5.262e+05
1,5.2622e+05
2,5.2624e+05
1,5.2635e+05
1,5.2663e+05
1,5.2666e+05
14,5.2668e+05
1,5.2672e+05
1,5.2682e+05
1,5.2707e+05
2,5.2708e+05
1,5.2708e+05
2,5.2708e+05
1,5.2708e+05
3,5.2709e+05
2,5.2712e+05
2,5.2712e+05
1,5.2714e+05
2,5.2715e+05
1,5.2716e+05
2,5.2717e+05
5,5.2718e+05
1,5.272e+05
4,5.2721e+05
1,5.2724e+05
1,5.2728e+05
1,5.2731e+05
2,5.2732e+05
1,5.2742e+05
1,5.2744e+05
2,5.2746e+05
1,5.2748e+05
9,5.2752e+05
2,5.2752e+05
1,5.2761e+05
1,5.2764e+05
1,5.2769e+05
1,5.2772e+05
2,5.2778e+05
1,5.2781e+05
1,5.2791e+05
1,5.2798e+05
1,5.2798e+05
2,5.282e+05
12,5.2828e+05
11,5.2836e+05
2,5.2853e+05
5,5.2857e+05
1,5.2862e+05
1,5.2862e+05
34,5.2866e+05
2,5.2871e+05
7,5.288e+05
1,5.2885e+05
1,5.2905e+05
2,5.291e+05
1,5.2916e+05
2,5.292e+05
1,5.292e+05
2,5.2932e+05
1,5.2937e+05
1,5.2948e+05
3,5.2948e+05
2,5.2954e+05
1,5.2956e+05
1,5.296e+05
2,5.2984e+05
1,5.2996e+05
9,5.3004e+05
1,5.3007e+05
3,5.3008e+05
3,5.3015e+05
2,5.3021e+05
1,5.3048e+05
2,5.3048e+05
1,5.3055e+05
2,5.3061e+05
1,5.3063e+05
4,5.3075e+05
1,5.308e+05
1,5.3082e+05
4,5.3088e+05
1,5.3089e+05
1,5.3091e+05
1,5.3093e+05
3,5.3096e+05
1,5.3104e+05
4,5.3118e+05
1,5.3134e+05
1,5.3134e+05
4,5.3141e+05
1,5.3149e+05
1,5.3156e+05
3,5.3172e+05
15,5.3172e+05
2,5.318e+05
2,5.3188e+05
1,5.3196e+05
1,5.3198e+05
1,5.3216e+05
1,5.3223e+05
1,5.3228e+05
1,5.3233e+05
1,5.3245e+05
1,5.3254e+05
2,5.3257e+05
1,5.3262e+05
1,5.3271e+05
1,5.3271e+05
2,5.3288e+05
1,5.3297e+05
1,5.3303e+05
1,5.3306e+05
2,5.3315e+05
3,5.3324e+05
1,5.3333e+05
1,5.3337e+05
17,5.3341e+05
1,5.3399e+05
1,5.3418e+05
3,5.3425e+05
1,5.3425e+05
3,5.3428e+05
3,5.3438e+05
1,5.3472e+05
3,5.3478e+05
1,5.3498e+05
22,5.351e+05
1,5.3522e+05
2,5.3529e+05
1,5.3558e+05
1,5.3563e+05
1,5.3572e+05
1,5.3581e+05
1,5.3582e+05
5,5.3594e+05
2,5.3594e+05
1,5.3626e+05
1,5.3641e+05
12,5.3679e+05
1,5.3682e+05
1,5.3685e+05
1,5.3694e+05
2,5.3712e+05
1,5.3725e+05
1,5.3728e+05
1,5.374e+05
1,5.3744e+05
3,5.3763e+05
3,5.3763e+05
2,5.3764e+05
1,5.3766e+05
1,5.3776e+05
1,5.3776e+05
1,5.3797e+05
1,5.3797e+05
1,5.38e+05
1,5.3806e+05
1,5.3807e+05
1,5.3812e+05
4,5.3824e+05
18,5.3848e+05
1,5.3848e+05
2,5.3873e+05
1,5.3882e+05
1,5.3893e+05
1,5.3896e+05
1,5.3898e+05
5,5.3924e+05
7,5.3933e+05
1,5.3949e+05
4,5.3949e+05
1,5.3966e+05
2,5.3979e+05
1,5.3999e+05
1,5.4003e+05
1,5.4014e+05
30,5.4018e+05
1,5.4025e+05
3,5.4028e+05
1,5.4041e+05
1,5.4048e+05
3,5.4054e+05
2,5.4063e+05
1,5.4068e+05
3,5.4081e+05
1,5.4093e+05
1,5.4095e+05
1,5.4101e+05
15,5.4103e+05
3,5.4103e+05
1,5.4108e+05
1,5.4111e+05
1,5.4122e+05
2,5.4136e+05
3,5.415e+05
1,5.4154e+05
1,5.4154e+05
1,5.4163e+05
5,5.4164e+05
41,5.4188e+05
1,5.4188e+05
1,5.4192e+05
2,5.4211e+05
1,5.4216e+05
1,5.4234e+05
1,5.4245e+05
1,5.4248e+05
1,5.4248e+05
1,5.4254e+05
1,5.4267e+05
2,5.427e+05
3,5.4273e+05
9,5.4273e+05
1,5.4283e+05
1,5.4292e+05
9,5.4296e+05
1,5.4319e+05
1,5.432e+05
4,5.4321e+05
1,5.4336e+05
1,5.4343e+05
1,5.4348e+05
1,5.4357e+05
42,5.4358e+05
1,5.4368e+05
5,5.4381e+05
1,5.4396e+05
1,5.44e+05
1,5.4403e+05
1,5.4404e+05
2,5.4408e+05
1,5.441e+05
1,5.4421e+05
1,5.4431e+05
1,5.4432e+05
1,5.444e+05
3,5.4443e+05
4,5.4443e+05
1,5.4456e+05
1,5.4486e+05
1,5.4487e+05
1,5.449e+05
1,5.4527e+05
53,5.4528e+05
1,5.4533e+05
2,5.4534e+05
1,5.4542e+05
1,5.4548e+05
1,5.455e+05
1,5.4556e+05
1,5.4571e+05
2,5.4575e+05
1,5.458e+05
1,5.4581e+05
2,5.4596e+05
1,5.4603e+05
3,5.4612e+05
11,5.4613e+05
6,5.4613e+05
1,5.464e+05
1,5.4644e+05
1,5.466e+05
3,5.466e+05
1,5.4676e+05
1,5.4692e+05
1,5.4696e+05
44,5.4699e+05
1,5.4708e+05
1,5.4725e+05
1,5.4741e+05
1,5.4749e+05
1,5.4768e+05
16,5.4784e+05
10,5.4784e+05
1,5.4791e+05
3,5.4805e+05
1,5.4806e+05
2,5.4831e+05
1,5.4848e+05
3,5.4861e+05
1,5.4863e+05
52,5.487e+05
1,5.487e+05
2,5.4875e+05
1,5.4876e+05
3,5.4892e+05
1,5.4909e+05
2,5.4917e+05
1,5.4918e+05
1,5.4944e+05
9,5.4955e+05
10,5.4955e+05
1,5.4958e+05
1,5.4961e+05
1,5.4978e+05
4,5.4996e+05
2,5.5002e+05
2,5.5013e+05
1,5.5022e+05
4,5.5031e+05
78,5.5041e+05
1,5.5041e+05
3,5.5048e+05
1,5.5053e+05
5,5.5066e+05
2,5.5084e+05
2,5.5087e+05
2,5.5088e+05
1,5.5097e+05
10,5.5102e+05
6,5.512e+05
11,5.5127e+05
10,5.5127e+05
2,5.5128e+05
1,5.5138e+05
1,5.5149e+05
1,5.515e+05
1,5.5151e+05
14,5.5156e+05
2,5.5165e+05
1,5.517e+05
2,5.5174e+05
3,5.5174e+05
1,5.5186e+05
7,5.5192e+05
8,5.521e+05
80,5.5212e+05
2,5.5226e+05
28,5.5247e+05
1,5.5251e+05
1,5.5255e+05
1,5.5257e+05
1,5.5258e+05
2,5.5259e+05
1,5.5265e+05
4,5.5265e+05
11,5.5284e+05
24,5.5298e+05
13,5.5298e+05
4,5.5302e+05
1,5.5321e+05
1,5.5334e+05
1,5.534e+05
5,5.5358e+05
5,5.5377e+05
90,5.5384e+05
4,5.5384e+05
2,5.5384e+05
1,5.5388e+05
1,5.5394e+05
1,5.541e+05
2,5.5415e+05
1,5.543e+05
2,5.5431e+05
1,5.5433e+05
2,5.5437e+05
1,5.544e+05
1,5.5453e+05
40,5.547e+05
8,5.547e+05
1,5.5472e+05
3,5.5492e+05
1,5.5511e+05
1,5.5513e+05
6,5.5517e+05
1,5.5519e+05
1,5.553e+05
1,5.5539e+05
2,5.555e+05
101,5.5556e+05
2,5.5556e+05
1,5.5594e+05
2,5.5599e+05
2,5.5602e+05
3,5.5603e+05
2,5.5605e+05
2,5.5608e+05
1,5.5614e+05
1,5.5625e+05
47,5.5642e+05
8,5.5642e+05
1,5.5647e+05
1,5.5648e+05
1,5.5685e+05
1,5.5688e+05
5,5.5689e+05
1,5.5693e+05
1,5.5696e+05
1,5.5698e+05
3,5.5708e+05
1,5.5715e+05
80,5.5728e+05
4,5.5728e+05
1,5.5732e+05
2,5.5748e+05
1,5.5758e+05
1,5.5771e+05
2,5.5772e+05
2,5.5774e+05
1,5.5776e+05
1,5.5808e+05
1,5.5808e+05
33,5.5815e+05
12,5.5815e+05
1,5.5822e+05
1,5.5827e+05
31,5.5829e+05
1,5.5845e+05
2,5.5849e+05
2,5.5858e+05
1,5.5858e+05
6,5.5862e+05
4,5.5863e+05
1,5.5865e+05
1,5.5885e+05
2,5.589e+05
126,5.5901e+05
2,5.5901e+05
1,5.5908e+05
2,5.5911e+05
1,5.5911e+05
3,5.5944e+05
2,5.5947e+05
1,5.5948e+05
1,5.595e+05
1,5.5952e+05
29,5.5987e+05
12,5.5987e+05
1,5.599e+05
1,5.5994e+05
2,5.5999e+05
23,5.6008e+05
1,5.6015e+05
3,5.6031e+05
1,5.6033e+05
4,5.6035e+05
1,5.6036e+05
1,5.6036e+05
7,5.6036e+05
1,5.6038e+05
4,5.6057e+05
109,5.6074e+05
6,5.6074e+05
1,5.6077e+05
1,5.6078e+05
1,5.6079e+05
2,5.6117e+05
1,5.612e+05
2,5.6121e+05
68,5.616e+05
18,5.616e+05
1,5.62e+05
1,5.6203e+05
3,5.6204e+05
1,5.6205e+05
1,5.6206e+05
2,5.6208e+05
1,5.6209e+05
1,5.6211e+05
1,5.6218e+05
112,5.6247e+05
6,5.6247e+05
1,5.6248e+05
1,5.625e+05
2,5.625e+05
1,5.6253e+05
2,5.6272e+05
2,5.629e+05
1,5.629e+05
1,5.6293e+05
1,5.6294e+05
3,5.6294e+05
1,5.6296e+05
1,5.6306e+05
1,5.6316e+05
1,5.6317e+05
78,5.6333e+05
13,5.6333e+05
2,5.636e+05
1,5.638e+05
2,5.6381e+05
2,5.6382e+05
1,5.6382e+05
2,5.6411e+05
164,5.642e+05
4,5.642e+05
3,5.642e+05
2,5.6423e+05
1,5.6423e+05
1,5.6424e+05
1,5.6451e+05
3,5.6463e+05
1,5.6466e+05
4,5.6468e+05
1,5.6471e+05
1,5.6486e+05
1,5.6494e+05
1,5.6501e+05
85,5.6507e+05
21,5.6507e+05
1,5.6524e+05
1,5.6532e+05
1,5.6538e+05
2,5.655e+05
6,5.655e+05
2,5.6553e+05
2,5.6554e+05
1,5.6556e+05
2,5.6556e+05
1,5.6588e+05
152,5.6594e+05
7,5.6594e+05
2,5.6594e+05
1,5.6595e+05
1,5.6597e+05
2,5.6606e+05
2,5.6613e+05
3,5.6637e+05
1,5.6637e+05
1,5.6639e+05
1,5.664e+05
3,5.6641e+05
1,5.6661e+05
1,5.6667e+05
2,5.6675e+05
208,5.6681e+05
14,5.6681e+05
1,5.6681e+05
1,5.6681e+05
2,5.6683e+05
1,5.6684e+05
1,5.6685e+05
1,5.6696e+05
2,5.6703e+05
2,5.6709e+05
1,5.6721e+05
2,5.6724e+05
2,5.6724e+05
1,5.6725e+05
3,5.6727e+05
1,5.6728e+05
1,5.6744e+05
1,5.6745e+05
620,5.6768e+05
16,5.6768e+05
1,5.677e+05
1,5.677e+05
1,5.6779e+05
2,5.6811e+05
3,5.6811e+05
1,5.6814e+05
10,5.6815e+05
1,5.6818e+05
1,5.682e+05
1,5.6838e+05
473,5.6855e+05
9,5.6855e+05
1,5.6855e+05
1,5.6856e+05
2,5.6857e+05
3,5.6861e+05
1,5.6883e+05
2,5.6898e+05
2,5.6898e+05
1,5.6901e+05
12,5.6902e+05
1,5.6903e+05
1,5.6905e+05
1,5.6919e+05
1,5.6932e+05
180,5.6942e+05
14,5.6942e+05
2,5.6942e+05
1,5.6944e+05
2,5.6948e+05
2,5.6956e+05
1,5.6967e+05
4,5.6985e+05
1,5.6985e+05
22,5.6989e+05
1,5.6994e+05
268,5.7029e+05
6,5.7029e+05
1,5.703e+05
1,5.7031e+05
1,5.7035e+05
2,5.7052e+05
2,5.7072e+05
8,5.7073e+05
18,5.7074e+05
6,5.7075e+05
9,5.7077e+05
2,5.7078e+05
10,5.708e+05
1,5.7083e+05
2,5.7114e+05
106,5.7116e+05
24,5.7116e+05
2,5.7117e+05
2,5.7119e+05
2,5.712e+05
3,5.7122e+05
5,5.7124e+05
5,5.716e+05
1,5.716e+05
17,5.7162e+05
45,5.7164e+05
20,5.7167e+05
2,5.7169e+05
1,5.7173e+05
1,5.7173e+05
165,5.7203e+05
5,5.7203e+05
1,5.7205e+05
1,5.7206e+05
1,5.7208e+05
1,5.721e+05
1,5.7213e+05
1,5.7222e+05
1,5.7232e+05
1,5.7236e+05
2,5.7239e+05
2,5.7247e+05
1,5.7247e+05
1,5.7248e+05
10,5.7249e+05
3,5.725e+05
78,5.7251e+05
5,5.7253e+05
1,5.7254e+05
11,5.7254e+05
1,5.7258e+05
2,5.7271e+05
2,5.7278e+05
6,5.7282e+05
1,5.7287e+05
70,5.7291e+05
20,5.7291e+05
46,5.7293e+05
2,5.7294e+05
2,5.7296e+05
2,5.7296e+05
53,5.7297e+05
1,5.7298e+05
1,5.7303e+05
3,5.7305e+05
3,5.732e+05
4,5.7334e+05
18,5.7335e+05
5,5.7336e+05
546,5.7339e+05
5,5.7342e+05
1,5.7345e+05
216,5.7378e+05
6,5.7378e+05
1,5.7379e+05
3,5.738e+05
14,5.7382e+05
10,5.7383e+05
1,5.7385e+05
1,5.7387e+05
1,5.739e+05
1,5.74e+05
1,5.7404e+05
1,5.7407e+05
1,5.7422e+05
8,5.7422e+05
309,5.7426e+05
1,5.7441e+05
1,5.7445e+05
392,5.7466e+05
33,5.7466e+05
2,5.7467e+05
34,5.7468e+05
1,5.7469e+05
1,5.7471e+05
40,5.7472e+05
1,5.7472e+05
1,5.7482e+05
2,5.7488e+05
1,5.7496e+05
13,5.7509e+05
25,5.751e+05
1,5.7511e+05
34,5.7514e+05
1,5.7517e+05
1,5.753e+05
512,5.7553e+05
9,5.7553e+05
1,5.7555e+05
5,5.7557e+05
4,5.7558e+05
2,5.756e+05
1,5.7573e+05
1,5.7597e+05
6,5.7597e+05
80,5.7601e+05
1,5.7603e+05
1,5.7604e+05
422,5.7641e+05
65,5.7641e+05
252,5.7641e+05
1,5.7642e+05
1,5.7648e+05
1,5.7653e+05
7,5.7685e+05
11,5.7685e+05
8,5.7685e+05
1,5.7686e+05
2,5.7689e+05
1,5.7696e+05
2,5.77e+05
1,5.7726e+05
1363,5.7729e+05
8,5.7729e+05
316,5.7729e+05
1,5.7731e+05
1,5.7733e+05
1,5.7743e+05
23,5.7773e+05
8,5.7773e+05
1,5.7804e+05
3088,5.7816e+05
71,5.7816e+05
253,5.7817e+05
2,5.7817e+05
1,5.7818e+05
1,5.7819e+05
1,5.782e+05
1,5.7821e+05
1,5.7842e+05
1,5.7845e+05
2,5.7853e+05
1,5.7856e+05
121,5.786e+05
931,5.786e+05
8,5.7861e+05
1,5.7863e+05
1,5.7882e+05
14218,5.7904e+05
4,5.7904e+05
132,5.7905e+05
1,5.7906e+05
1,5.7911e+05
2,5.7914e+05
1,5.7944e+05
285,5.7948e+05
12,5.7948e+05
4,5.7949e+05
4,5.795e+05
2,5.7957e+05
1,5.7961e+05
5,5.7986e+05
3,5.7988e+05
11134,5.7992e+05
9,5.7992e+05
4,5.7992e+05
1,5.7994e+05
1,5.8e+05
1,5.8014e+05
31,5.8036e+05
632,5.8036e+05
2,5.8037e+05
1,5.804e+05
1,5.8041e+05
1,5.8043e+05
1,5.8068e+05
946,5.808e+05
7,5.808e+05
2,5.808e+05
3,5.8084e+05
1,5.8085e+05
2,5.8086e+05
1,5.809e+05
51,5.8124e+05
12,5.8124e+05
3,5.8125e+05
1,5.8128e+05
3666,5.8168e+05
1,5.8168e+05
2,5.8168e+05
1,5.8171e+05
3,5.8173e+05
1,5.8194e+05
1,5.8202e+05
5,5.8212e+05
1,5.8213e+05
3,5.8214e+05
2,5.8216e+05
2,5.8239e+05
127,5.8256e+05
3,5.8256e+05
3,5.8258e+05
3,5.826e+05
1,5.8284e+05
9,5.8301e+05
2,5.8303e+05
100,5.8344e+05
1,5.8344e+05
4,5.8346e+05
8,5.8347e+05
1,5.8367e+05
5,5.8389e+05
5,5.839e+05
3,5.8391e+05
1,5.8393e+05
1,5.8433e+05
1,5.8433e+05
1,5.8434e+05
1,5.8434e+05
2,5.8435e+05
1,5.8448e+05
1,5.8476e+05
2,5.8477e+05
7,5.8478e+05
1,5.8479e+05
3,5.848e+05
1,5.8495e+05
1,5.8504e+05
1,5.8514e+05
1,5.8521e+05
4,5.8522e+05
2,5.8522e+05
3,5.8566e+05
1,5.8567e+05
48,5.8609e+05
2,5.8611e+05
1,5.8614e+05
1,5.8627e+05
1,5.8659e+05
1,5.8664e+05
1,5.8669e+05
1,5.8672e+05
4,5.8698e+05
2,5.8698e+05
1,5.87e+05
1,5.8701e+05
2,5.8708e+05
3,5.871e+05
2,5.8728e+05
3,5.8751e+05
10,5.8753e+05
1,5.8785e+05
83,5.8786e+05
1,5.879e+05
1,5.8793e+05
12,5.8794e+05
43,5.8796e+05
1,5.8831e+05
1,5.8838e+05
42,5.8839e+05
1,5.8842e+05
6,5.8875e+05
6,5.8881e+05
4,5.8883e+05
8,5.8926e+05
16,5.8963e+05
1,5.9007e+05
1,5.9015e+05
1,5.9026e+05
2,5.9027e+05
6,5.9052e+05
2,5.9099e+05
8,5.9141e+05
3,5.9144e+05
1,5.9161e+05
1,5.9172e+05
1,5.919e+05
1,5.9229e+05
4,5.923e+05
1,5.9232e+05
1,5.9243e+05
1,5.9308e+05
5,5.9319e+05
2,5.932e+05
2,5.9338e+05
1,5.9364e+05
1,5.9408e+05
1,5.9428e+05
2,5.9518e+05
24,5.9586e+05
2,5.9608e+05
196,5.9675e+05
1,5.9759e+05
1,5.9761e+05
24,5.9764e+05
1,5.9853e+05
2,5.9876e+05
1,5.9897e+05
1,5.9946e+05
1,5.9964e+05
31,6.0032e+05
2,6.004e+05
1,6.005e+05
1,6.0197e+05
1,6.024e+05
1,6.0263e+05
1,6.0292e+05
4,6.0301e+05
1,6.0351e+05
1,6.0356e+05
1,6.0388e+05
1,6.0431e+05
1,6.0452e+05
1,6.0457e+05
1,6.0603e+05
1,6.0646e+05
1,6.0647e+05
3,6.066e+05
2,6.0678e+05
1,6.0744e+05
1,6.075e+05
1,6.0751e+05
1,6.0776e+05
1,6.0784e+05
1,6.0845e+05
2,6.0908e+05
2,6.0935e+05
3,6.0941e+05
1,6.0975e+05
2,6.102e+05
1,6.1022e+05
2,6.1041e+05
1,6.1098e+05
1,6.1133e+05
1,6.1208e+05
1,6.1239e+05
2,6.1315e+05
1,6.1344e+05
1,6.1446e+05
1,6.1524e+05
1,6.1632e+05
1,6.1652e+05
2,6.1653e+05
1,6.1741e+05
1,6.1744e+05
1,6.1756e+05
3,6.1825e+05
1,6.186e+05
1,6.1887e+05
4,6.1895e+05
1,6.1926e+05
3,6.193e+05
1,6.196e+05
1,6.1965e+05
2,6.2e+05
2,6.2017e+05
9,6.2036e+05
5,6.2142e+05
7,6.2177e+05
3,6.2213e+05
1,6.2248e+05
1,6.2284e+05
3,6.229e+05
3,6.232e+05
1,6.2368e+05
1,6.2419e+05
1,6.2464e+05
1,6.2472e+05
1,6.2487e+05
2,6.2519e+05
1,6.2556e+05
2,6.2563e+05
1,6.2624e+05
1,6.2655e+05
1,6.269e+05
1,6.2828e+05
1,6.2883e+05
1,6.2975e+05
1,6.298e+05
3,6.3012e+05
1,6.3038e+05
1,6.3049e+05
6,6.3113e+05
2,6.3124e+05
3,6.3161e+05
3,6.3236e+05
1,6.3257e+05
3,6.3273e+05
1,6.3296e+05
14,6.3311e+05
1,6.3348e+05
5,6.3386e+05
1,6.3525e+05
2,6.3572e+05
1,6.3576e+05
1,6.3614e+05
1,6.3706e+05
1,6.3713e+05
3,6.3756e+05
7,6.3765e+05
1,6.3805e+05
1,6.3941e+05
1,6.3949e+05
1,6.396e+05
2,6.4033e+05
1,6.406e+05
1,6.4101e+05
1,6.4126e+05
3,6.4155e+05
1,6.4261e+05
1,6.4301e+05
3,6.4311e+05
1,6.439e+05
1,6.4407e+05
1,6.4407e+05
1,6.4429e+05
1,6.4437e+05
2,6.4496e+05
1,6.4505e+05
1,6.4548e+05
1,6.4571e+05
1,6.4612e+05
2,6.4628e+05
2,6.4706e+05
1,6.4708e+05
1,6.4736e+05
2,6.4748e+05
2,6.4775e+05
1,6.4828e+05
8,6.4908e+05
1,6.4949e+05
1,6.4972e+05
1,6.5018e+05
1,6.5054e+05
1,6.5111e+05
4,6.5147e+05
1,6.5152e+05
7,6.5192e+05
13,6.5233e+05
1,6.5239e+05
3,6.524e+05
3,6.5245e+05
1,6.5249e+05
1,6.5274e+05
1,6.5304e+05
3,6.5315e+05
21,6.5356e+05
1,6.5427e+05
1,6.552e+05
1,6.5527e+05
3,6.5614e+05
1,6.5645e+05
1,6.5653e+05
1,6.5665e+05
1,6.5707e+05
1,6.577e+05
1,6.5812e+05
1,6.5837e+05
1,6.5854e+05
2,6.5895e+05
1,6.591e+05
1,6.5931e+05
1,6.598e+05
5,6.6064e+05
2,6.6082e+05
3,6.6106e+05
2,6.6133e+05
1,6.6148e+05
1,6.6191e+05
1,6.6228e+05
1,6.6233e+05
33,6.627e+05
6,6.6276e+05
1,6.6318e+05
3,6.6404e+05
4,6.6446e+05
5,6.6458e+05
1,6.6532e+05
1,6.6552e+05
1,6.6575e+05
2,6.6605e+05
12,6.6647e+05
1,6.6704e+05
1,6.6714e+05
1,6.6742e+05
6,6.6791e+05
1,6.6834e+05
180,6.6835e+05
2,6.6919e+05
1,6.6921e+05
1,6.693e+05
1,6.6938e+05
1,6.6974e+05
2,6.7008e+05
2,6.7024e+05
1,6.7072e+05
1,6.7119e+05
1,6.7177e+05
3,6.7213e+05
3,6.7215e+05
1,6.7253e+05
3,6.7308e+05
1,6.7321e+05
1,6.7358e+05
2,6.7366e+05
1,6.7403e+05
1,6.7435e+05
1,6.7456e+05
2,6.7493e+05
7,6.7498e+05
1,6.7506e+05
1,6.7527e+05
1,6.7537e+05
2,6.7582e+05
30,6.7593e+05
1,6.7626e+05
12,6.7688e+05
2,6.771e+05
1,6.7716e+05
1,6.776e+05
1,6.7793e+05
1,6.7805e+05
2,6.7819e+05
1,6.7868e+05
1,6.7895e+05
1,6.794e+05
1,6.7973e+05
4,6.7974e+05
13,6.7985e+05
3,6.7987e+05
1,6.8017e+05
1,6.8068e+05
3,6.8121e+05
27,6.8163e+05
3,6.8166e+05
1,6.8167e+05
2,6.8257e+05
3,6.8259e+05
51,6.8303e+05
108,6.8354e+05
1,6.8408e+05
4,6.845e+05
14,6.8486e+05
1,6.8528e+05
2,6.8532e+05
7,6.8578e+05
1,6.8624e+05
3,6.8641e+05
1,6.8651e+05
1,6.8716e+05
7,6.8737e+05
8,6.8738e+05
4,6.8762e+05
1,6.8786e+05
5,6.8808e+05
1,6.8832e+05
1,6.888e+05
7,6.8901e+05
13,6.8928e+05
1,6.8933e+05
1,6.8948e+05
1,6.9024e+05
3,6.9028e+05
1,6.9088e+05
478,6.912e+05
1,6.9123e+05
1,6.9134e+05
2,6.9216e+05
1,6.9228e+05
1,6.9275e+05
6,6.9312e+05
1,6.9313e+05
8,6.9322e+05
1,6.9408e+05
2,6.9464e+05
15,6.9505e+05
4,6.9511e+05
3,6.9553e+05
4,6.9558e+05
1791,6.9601e+05
1,6.9603e+05
2,6.9606e+05
3,6.9652e+05
1,6.9698e+05
1,6.97e+05
51,6.9701e+05
2,6.9748e+05
6,6.9796e+05
1,6.9844e+05
12,6.9892e+05
6,6.994e+05
1,6.9988e+05
1,7.0036e+05
1,7.0083e+05
19,7.018e+05
6,7.018e+05
28,7.0228e+05
18516,7.0277e+05
1,7.0522e+05
1,7.0666e+05
5,7.1053e+05
